function gamma = euler_mascheroni();
% gamma = 0.57721566490153286060651209008240243104215933593992d0 ;
gamma = 0.57721566490153286060d0 ;
